868978
-1556012
-1662628
-1750743
-1602001
-1399376
8414958
-36713
-2447346
-3190137
-2811632
-2466495
8777366
-2474921
-7298570
-9306399
-8661857
-8475287
8481918
-4482524
-12374767
-13566634
-10782133
-10001684
8464363
-3694188
-10781582
-11487661
-8872295
-8635877
8513895
-1975526
-6782080
-6684088
-4459532
-3998568
8266528
-341517
-2864859
-3286396
-2584030
-2284768
7938538
-159815
-3845584
-6265898
-6706947
-6400556
7460390
-1126980
-8129962
-11847718
-11664672
-10472227
6995178
-1470864
-10041121
-13547647
-12278864
-10367552
7047449
-210582
-7093112
-9407733
-7972557
-6336449
6568726
726735
-2968286
-3719279
-2453696
-1264494
1832400
-1923487
-3138022
-3924550
-3924550
-3924550
23867501
19348965
18911420
18896032
18898265
18848522
8946110
1257777
-307679
-472966
432398
402514
6338508
-765306
-1470747
648984
2768251
3293195
6545339
1695164
5898333
12528051
16494077
17331168
6732420
2343083
7405828
13959069
17102024
18205345
6812416
2394583
7344736
12758146
15279534
16245720
7244254
1470797
2326711
3840542
5138695
5801823
7775395
868366
-1207099
-944859
632534
1765089
8155836
1869795
1662636
5310784
9165494
11120960
9125571
3210888
5648323
12172411
17379371
19699579
9776551
3930161
6903054
12975550
17064883
18692941
9295134
3956262
5487557
8770154
11219189
11914999
7502414
2414040
562498
278159
278159
278159
-1101209
-16507241
-17501618
-17915940
-17885442
-18024942
11875718
-1053771
2172686
7357453
12150584
13783465
14398949
710007
4110847
11742406
19542014
21543823
14467390
-1132253
-2778013
72714
6079672
7698364
14777014
-1103084
-5425325
-6260135
-2817141
-1939737
15155937
101745
-5672166
-10497914
-11453735
-11846548
15162307
1795513
-622638
-1093298
486416
1548587
15082511
3002670
3326153
8493610
15466683
18960404
15493430
3628041
1378777
4840337
11880097
15401131
14830937
2894978
-2234938
-3093506
855719
3021700
14054647
2319592
-4149585
-9342846
-10193257
-10237787
15486159
4708866
-1751216
-7500880
-10131612
-11079977
21911251
20691037
20085357
19431056
19431056
19431056
-7444230
-20671912
-21511878
-21510332
-21475432
-21539800
-8446748
-6572478
-6963948
-3530677
754532
2495644
-8364980
-3279021
-5906069
207608
6265097
7778934
-7949328
-1963596
-6002778
-5077548
-7543330
-8533762
-7505816
-238596
-3089271
-4606121
-10233273
-10926215
-7362824
1152781
355876
-3937862
-12482135
-14656499
-7172506
325510
-1641636
-3410001
-5265375
-4914837
-7136732
-1410963
-5253967
-2820802
2208104
5624167
-6925314
-1114973
-5445421
-3325473
-1191743
470821
-6448544
-1488162
-4311931
-4625523
-8440823
-9617049
-6900592
-1658424
-794760
-2510197
-9964102
-13192371
-6926406
761786
620332
-2600148
-9275997
-12643124
-12311194
1228075
3634982
5323948
5323948
5323948
-22361461
-18916362
-18665028
-18590293
-18477978
-18183919
-11033083
-1387408
1510242
3802806
3611124
3815227
-9624212
-918147
-2261427
-2976426
-4405797
-4386792
-9788095
-3125892
-8619561
-12839977
-17242149
-18303243
-9586441
-3387099
-10516225
-16169152
-20590846
-21868220
-9401603
-2456410
-7679689
-12572602
-16576959
-17840050
-9681490
-1089376
-1160866
-1471520
-2788697
-3315243
-9895599
-1208419
82848
1117775
472656
147459
-9954618
-2856885
-4863723
-7398737
-10984767
-12233022
-11027801
-4184604
-8366134
-13536681
-19280786
-21350707
-11168840
-4859688
-9341333
-15156885
-20656727
-22411053
-10367077
-3288031
-4256014
-6592378
-9805082
-10931345
-5746113
2436686
4483333
5093644
5093644
5093644
12881219
7843102
7257448
7068029
7056666
6946353
10636361
1827114
2160860
2006375
2730476
2726081
10339912
903004
2815390
5249160
7888370
8594752
10259737
1081168
3831389
7836235
12445877
13630437
10331957
766835
2731242
6712109
11093903
12228277
10459847
805857
1384649
3618262
6624308
7496457
10674438
1314640
1232600
1626485
2917406
3307424
10848549
1947564
2156479
3116743
4996520
5819826
11039162
2538188
3098194
5774722
9863192
11712429
11475697
3087660
3322789
6545458
11564883
13794868
11406328
3018126
2193463
4461466
8353837
10159274
11507043
3203617
1608180
1677118
3349883
4083745
13539169
6612435
4500381
3679136
3679136
3679136
-8850309
-496920
-615684
-658132
-887551
-1254619
-15321501
-1422546
-3223439
-8193091
-12933752
-14331726
-15847926
2064377
4937027
2840992
-879714
-1925468
-15973528
3061363
8065238
6064335
-341608
-2009295
-16381339
2240061
8981825
10802885
7363851
6884378
-16542414
-52995
4575890
6758282
4807184
4404120
-16259900
-1705203
-678812
-2305037
-5739352
-7355698
-16207593
-1918287
412654
-1845246
-6174688
-8766359
-16321837
-1715832
4923618
5624475
1675418
-1055479
-15086735
-1227319
6381419
8548968
4703793
2017416
-15325749
-2440597
5750932
11120112
10875858
10113724
-16236704
-5375368
-1103997
888797
-513305
-1275709
-20890912
-18990697
-18814953
-18167302
-18167302
-18167302
7662781
8458108
8315169
8371436
8263638
8127264
3440862
1914971
3173368
4035267
4107335
3910515
3235282
1743890
5385847
8450441
8742051
8858653
3408252
2548032
8102311
12295979
14355033
15008090
3574135
1951372
6516527
10041729
12364862
13050869
3756129
1289037
3668551
5477102
7706068
8369016
4075153
911870
2018084
3065139
4236857
4572069
4430624
1300546
3292838
5767510
6800679
7077625
4980591
2083483
5690236
9912223
12255276
12954656
5369333
2619433
6550719
11001564
14279086
15281423
5302550
2436351
4445366
7057776
9801298
10625319
5919907
2000652
2215999
2901708
4515169
4982195
10794206
6407767
5405612
5104012
5104012
5104012
-2660715
15554572
16370336
16684168
16647449
16816955
-4561341
2192252
-2372534
-8156158
-14362697
-16195351
-5296233
-1086477
-5350147
-13000311
-21706113
-23846591
-5442981
-1510830
-3981282
-7347059
-10561596
-11237095
-5708555
-1548346
-1457287
-867421
112326
-197041
-5958776
-1861511
-426968
3674517
8972999
10272263
-6134908
-2225564
-1838758
-1888260
-2627879
-3580267
-6346788
-2727561
-3942447
-9497706
-17782787
-21698325
-6865903
-3909817
-4594665
-9275943
-16074477
-18812121
-6763392
-3149893
-3482267
-4914330
-6526654
-6832837
-6487679
-1665023
-802661
2026256
6396840
8503579
-7517201
-4332004
-1847989
2137245
6929293
9341266
-14125253
-21327198
-22605789
-23296574
-23296574
-23296574
9265557
5406610
5261901
5261800
5214790
5080914
5547892
1309034
1964823
2442226
3918113
4186351
4834956
1348198
3929266
6014988
7887662
8252888
4665895
1473651
4752149
8626227
11317995
12197368
4658516
1025434
3672400
7454980
9185877
9785181
4880355
605963
1590948
4095952
5187452
5610191
5212039
884070
1026421
1943319
3142401
3597423
5516468
1640480
2504041
3782591
5814938
6563220
5805728
2234379
3895486
6801030
9781190
10920833
6358679
2139836
3815120
7566313
10727422
12053639
6522880
1945720
2349521
5107787
6837938
7651884
6544928
2112130
1094646
1934010
2886253
3403131
8744383
6550014
5694102
5666096
5666096
5666096