迭代,应用准确率,应用混淆>5,应用混淆>10
1 (0.97662197862698297, 57, 43)
2 (0.99662271817774695, 20, 12)
3 (0.9969924935597454, 13, 8)
4 (0.99522578895686364, 21, 18)
5 (0.99764987201663169, 19, 8)
6 (0.99894408585362648, 11, 7)
7 (0.99267844743642941, 36, 24)
8 (0.99799910432185246, 15, 8)
9 (0.99833190216565115, 14, 5)
10 (0.99600642587441601, 19, 12)
11 (0.99749785324847673, 20, 9)
12 (0.9973088569421219, 26, 13)
13 (0.95814553537312386, 79, 48)
14 (0.99840585724205089, 14, 8)
15 (0.99799499570649697, 11, 8)
16 (0.99690621263727908, 28, 15)
17 (0.9974280067874326, 25, 17)
18 (0.99885369631580456, 13, 8)
19 (0.96677773623511143, 86, 59)
20 (0.99817988339749619, 6, 5)
21 (0.99712807786647817, 20, 12)
22 (0.98541852410319197, 34, 25)
23 (0.99953572646482414, 7, 4)
24 (0.9986071793944723, 14, 6)
25 (0.99520113726473036, 24, 14)
26 (0.99891121693078211, 13, 9)
27 (0.99767452370876486, 18, 11)
28 (0.98189333212813945, 60, 39)
29 (0.99819220924356278, 14, 10)
30 (0.99844283478025075, 16, 8)
31 (0.94702351360567971, 55, 38)
32 (0.99792925786080833, 12, 6)
33 (0.99930975262026944, 9, 5)
34 (0.8833358669794692, 152, 111)
