0.899190604173	90	72

0.963693703491	47	30

0.986064720595	31	22

0.0552595193338	32	32

0.966334726343	61	43

0.987447373736	32	16

0.868383849368	101	67

0.982227469745	43	20

0.973543165188	45	28

0.164597865432	81	73

0.971445882335	39	24

0.987012381737	37	21

0.777097671239	185	145

0.989466979447	23	15

0.99263620687	25	15

0.90242197331	93	67

0.994702418866	27	10

0.955444390934	57	40

0.901645201883	84	51

0.960369121782	55	36

0.943979244667	76	57

0.0206310491075	37	36

0.969643772623	44	24







0.901896522266	97	69

0.965890557773	43	30

0.987107997701	30	19

0.0552492194902	32	32

0.964244109287	59	47

0.986176045728	34	18

0.868610304282	95	66

0.981858001584	42	21

0.972243363725	43	29

0.165235084885	79	70

0.972289961324	33	23

0.987496311023	36	20

0.78061850546	199	142

0.98844379553	19	12

0.992715242075	23	11

0.900498594306	89	64

0.994268495364	24	11

0.953293673599	58	38

0.908808499402	81	55